4
2
pi:65401,1
pi:65402,4
bw
id:1000
st:0
bi:0,0,0,0,True,0,0,0,0,0,0,False
si:showcutscene
ei:678,174
ew
bw
id:1001
st:0
bi:0,0,0,0,True,0,0,0,0,0,0,False
si:Blockwall
ei:676,112
ew
bw
id:0
st:0
bi:0,0,65401,1,True,0,0,0,0,0,0,False
ei:61,114
mi:0,47.14949,0.8990925,63.31048,0
ew
bw
id:1
st:0
bi:0,0,65402,4,True,0,0,0,0,0,0,False
ei:359,113
mi:0,49.84257,0.8469155,63.64135,0
mi:1,44.24009,0.7747629,64.1836,0
mi:2,48.28902,0.8327125,64.71716,0
mi:3,45.72243,0.7945212,64.7996,0
ew
